# T_origin_cam_1:
# - [0.029116348675164567, -0.8504968945587814, 0.5251735623445789, -0.13193361992156663]
# - [-0.9986669737029418, -0.047153530919163834, -0.020995717583912485, 0.03309657134647747]
# - [0.042620580414093286, -0.5238621735415953, -0.8507360984802759, 0.364947210943618]
# - [0.0, 0.0, 0.0, 1.0]
# T_origin_cam_2:
# - [-0.9999360175080478, 0.006339151648710276, 0.009368887153722546, 0.10924616561894872]
# - [7.249306207084213e-05, 0.8318010467484778, -0.5550738810040379, 0.1924494623901793]
# - [-0.011311747649259442, -0.5550376868145993, -0.8317482855892186, 0.3666151882130963]
# - [0.0, 0.0, 0.0, 1.0]
# T_origin_cam_3:
# - [0.010316623619152242, 0.8510633682988935, -0.5249616275660455, 0.3026370941614746]
# - [0.9994937640513869, -0.024577635991321817, -0.020202857011410735, -0.017527364136230135]
# - [-0.030096227329127947, -0.5244874478467174, -0.8508860876472857, 0.3694354710784805]
# - [0.0, 0.0, 0.0, 1.0]


T_origin_cam_1:
- [-0.009159528169445319, -0.8682331564614171, 0.49607185877124443, -0.11149603011011104]
- [-0.9991222279283549, -0.012333020480139316, -0.040033364401670775, 0.04213500737778408]
- [0.04087635873207924, -0.49600310747704074, -0.8673580809964967, 0.3720622915849455]
- [0.0, 0.0, 0.0, 1.0]
T_origin_cam_2:
- [-0.9998771465670798, 0.0008877423558675718, 0.015649398914489045, 0.10461126944146959]
- [-0.008005852649686509, 0.8294231218282828, -0.5585635069533085, 0.19221106029712415]
- [-0.013475833785956152, -0.5586201722907422, -0.8293141172159306, 0.36560563888098885]
- [0.0, 0.0, 0.0, 1.0]
T_origin_cam_3:
- [-0.021359311978827653, 0.8627232785215102, -0.5052250236170638, 0.29012024379119833]
- [0.9977743323885259, -0.013533926663455171, -0.06529329564111615, 6.638708176899533e-05]
- [-0.06316772449915693, -0.5054951805172242, -0.8605140679009574, 0.3695373580602743]
- [0.0, 0.0, 0.0, 1.0]